!MOLECULE
Ortho H2O spectroscopy from JPL / Holger Müller
!MOLECULAR WEIGHT
18.0
!NUMBER OF ENERGY LEVELS
7
!LEVEL + ENERGIES(cm^-1) + WEIGHT + J
  1   23.794356     9.0  1_0_1
  2   42.371741     9.0  1_1_0
  3   79.496382     15.0 2_1_2
  4   134.901638    15.0 2_2_1
  5   136.761650    21.0 3_0_3
  6   173.365803    21.0 3_1_2
  7   212.156362    21.0 3_2_1
!NUMBER OF RADIATIVE TRANSITIONS
9
!TRANS + UP + LOW + EINSTEINA(s^-1) + FREQ(GHz) + E_u(K)
    1     2     1  3.458e-03         556.936        61.0
    2     3     1  5.593e-02         1669.905        114.4
    3     4     2  2.564e-01         2773.977        194.1
    4     4     3  3.058e-02         1661.008        194.1
    5     5     3  5.048e-02         1716.770        196.8
    6     6     4  2.634e-03         1153.127        249.4
    7     6     5  1.648e-02         1097.365        249.4
    8     7     3  3.318e-01         3977.047        305.3
    9     7     6  2.288e-02         1162.912        305.3
!NUMBER OF COLL PARTNERS
2
! COLLISION PARTNER
1 oH2O - oH2O from Buffa et al. 2000  -NOTE that this number now gives index into atmos.numdens(imol*ND+id)
! NUMBER OF COLLISIONAL TRANSITIONS
9
! NUMBER OF COLLISION TEMPERATURES
8
! COLLISION TEMPERATURES
100  200  300  400  500  600  700  800
! TRANS + UP + LOW + RATE COEFFS(cm^3 s^-1)
1 2 1 1.413e-09 9.0662e-10  8.0830e-10  7.3238e-10  6.7407e-10  6.3072e-10  5.9562e-10  5.6843e-10
2 3 1 1.569e-09 1.1088e-09  9.5641e-10  8.7828e-10  8.2423e-10  7.8219e-10  7.4773e-10  7.1600e-10
3 4 2 1.044e-09 1.0316e-09  1.0493e-09  1.0512e-09  1.0414e-09  1.0271e-09  1.0097e-09  9.9065e-10
4 4 3 1.124e-09 8.1028e-10  6.9618e-10  6.3286e-10  5.8657e-10  5.4907e-10  5.1766e-10  4.9191e-10
5 5 3 1.269e-09 9.4761e-10  8.2755e-10  7.6330e-10  7.1836e-10  6.8161e-10  6.5058e-10  6.2445e-10
6 6 4 3.304e-10 2.9924e-10  2.5270e-10  2.1933e-10  0.00000000  0.00000000  0.00000000  0.00000000
7 6 5 1.065e-09 9.7835e-10  8.5349e-10  7.6040e-10  6.9244e-10  6.4019e-10  6.0074e-10  5.6979e-10
8 7 3 3.174e-10 4.1129e-10  4.9368e-10  5.4977e-10  5.8441e-10  6.0469e-10  6.1607e-10  6.2035e-10
9 7 6 1.122e-09 1.1027e-09  9.8068e-10  8.7828e-10  8.0046e-10  7.4078e-10  6.9276e-10  6.5451e-10
!COLLISIONS BETWEEN  
5  H2O - electrons from Faure 2004
!NUMBER OF COLL TRANS
21
!NUMBER OF COLL TEMPS
5
!COLL TEMPS
100 150 200 1000 6000
!TRANS + UP + LOW + COLLRATES(cm^3 s^-1)
1  2 1  1.5304e-06  1.5304e-06  1.1783e-06  7.4354e-07  4.3314e-07
2  3 1  5.7478e-07  5.7478e-07  4.6522e-07  3.2911e-07  2.1109e-07
3  4 1  2.3711e-08  2.3711e-08  1.7137e-08  8.7895e-09  3.2323e-09
4  5 1  8.8337e-09  8.8337e-09  6.4314e-09  3.3274e-09  1.2504e-09
5  6 1  4.0276e-09  4.0276e-09  2.9255e-09  1.5732e-09  7.5836e-10
6  7 1  4.5289e-09  4.5289e-09  3.4633e-09  2.2500e-09  2.0647e-09
7  3 2  3.9852e-08  3.9852e-08  2.4071e-08  1.0747e-08  5.1056e-09
8  4 2  5.9398e-07  5.9398e-07  4.2773e-07  2.8691e-07  1.8936e-07
9  5 2  4.3811e-09  4.3811e-09  2.7106e-09  1.2345e-09  5.5309e-10
10 6 2  2.3693e-09  2.3693e-09  1.5912e-09  9.4392e-10  1.1500e-09
11 7 2  6.3176e-09  6.3176e-09  4.0794e-09  2.0235e-09  9.7637e-10
12 4 3  7.1368e-07  7.1368e-07  3.8755e-07  1.9905e-07  1.1949e-07
13 5 3  1.1373e-06  1.1373e-06  6.1115e-07  3.0785e-07  1.8226e-07
14 6 3  3.2079e-09  3.2079e-09  1.7556e-09  5.6123e-10  7.1805e-10
15 7 3  4.2133e-07  4.2133e-07  2.3127e-07  1.2598e-07  8.0998e-08
16 5 4  6.0991e-08  6.0991e-08  1.7867e-08  4.5729e-09  2.9550e-09
17 6 4  5.5725e-07  5.5725e-07  1.9498e-07  6.7431e-08  3.5984e-08
18 7 4  2.6545e-08  2.6545e-08  8.3956e-09  2.1690e-09  6.9753e-10
19 6 5  4.5724e-06  4.5724e-06  1.5545e-06  5.1460e-07  2.6609e-07
20 7 5  1.0426e-07  1.0426e-07  3.2664e-08  8.2686e-09  2.4470e-09
21 7 6  6.3353e-06  6.3353e-06  1.7567e-06  5.2386e-07  2.7844e-07
